mutation_id	R1,R10,R11,R2,R3,R4,R5min	R1,R2,R3,R4	R5dom,R6,R7,R8	R9	R5dom,R8	R1,R3,R4	R2	R1	R3	R4	R10,R5min	R11	R10	R5min	R5dom	R8	R6	R7	driver_gene	
1_151337465_151337465	0	0	0	1	0	0	0	0	0	0	1	0	0	0	0	0	0	0	.	
3_179519687_179519687	0	0	0	1	0	0	0	0	0	0	1	0	0	0	0	0	0	0	.	
10_35495858_35495858	0	0	0	1	0	0	0	0	0	0	1	0	0	0	0	0	0	0	.	
14_51107556_51107556	0	0	0	1	0	0	0	0	0	0	1	0	0	0	0	0	0	0	.	
1_10435004_10435004	0	0	0	1	0	0	0	0	0	0	0	0	1	0	0	0	0	0	.	
6_26205140_26205140	0	0	0	1	0	0	0	0	0	0	0	0	1	0	0	0	0	0	.	
7_40174159_40174159	0	0	0	1	0	0	0	0	0	0	0	0	1	0	0	0	0	0	.	
6_7246926_7246926	0	0	0	1	0	0	1	0	0	0	0	0	0	0	0	0	0	0	.	
13_32805407_32805407	0	0	0	0	0	0	1	1	0	0	0	0	0	0	0	0	0	0	.	
1_107961221_107961221	0	0	0	0	0	0	0	0	0	0	0	0	0	0	1	0	1	0	.	
