mutation_id	R10,R3,VT	R2,R4,R8	R10	R3	VT	R4,R8	R2	R4	R8	driver_gene	
4_15018888_15018888	1	0	0	0	0	0	1	1	0	.	
5_70858345_70858345	1	0	0	0	0	0	1	1	0	.	
1_37271857_37271857	1	0	0	0	0	1	0	0	0	.	
4_57179508_57179508	1	0	0	0	0	1	0	0	0	.	
5_94289005_94289005	1	0	0	0	0	1	0	0	0	.	
15_55722944_55722944	1	0	0	0	0	1	0	0	0	.	
1_241946593_241946593	0	1	1	0	0	0	0	0	0	.	
5_112926833_112926833	0	1	1	0	0	0	0	0	0	.	
10_89720804_89720804	0	1	1	0	0	0	0	0	0	PTEN	
7_95224365_95224365	0	0	0	1	0	0	0	0	1	.	
17_76989934_76989934	0	0	0	0	1	0	0	0	1	.	
4_174448468_174448468	0	0	0	0	0	0	1	1	0	.	
12_10149849_10149849	0	0	0	0	0	0	1	1	0	.	
2_196759799_196759799	0	0	0	0	0	0	1	0	1	.	
1_35915567_35915567	0	0	0	0	0	0	1	1	0	.	
3_179439306_179439306	0	0	0	0	0	0	1	1	0	.	
19_55872229_55872229	0	0	0	0	0	0	1	0	1	.	
