mutation_id	a,b,c,d,e,f,g	h	a,b,c,e,f	d,g	b,e,f	a,c	d	g	b,f	e	b	f	a	c	driver_gene	
8_145646634_145646634	0	1	0	0	1	0	1	0	0	0	0	0	0	0	.	
1_155141246_155141246	0	1	1	0	0	0	0	1	0	0	0	0	0	0	.	
22_43950586_43950586	0	1	0	0	1	0	1	0	0	0	0	0	0	0	.	
5_156680343_156680343	0	1	0	0	0	0	0	0	1	0	0	0	0	0	.	
19_8109407_8109407	0	1	1	0	0	0	0	0	0	0	0	0	0	0	.	
2_137879701_137879701	0	1	0	0	0	0	0	0	1	0	0	0	0	0	.	
4_47460316_47460316	0	1	0	0	0	0	0	0	1	0	0	0	0	0	.	
9_139447526_139447526	0	1	1	0	0	0	0	1	0	0	0	0	0	0	.	
22_37153514_37153514	0	1	1	0	0	0	0	0	0	0	0	0	0	0	.	
4_6354306_6354306	0	1	0	0	0	0	0	0	1	0	0	0	0	0	.	
9_132738204_132738204	0	1	1	0	0	0	0	0	0	0	0	0	0	0	ABL1	
2_96319422_96319422	0	1	1	0	0	0	0	0	0	0	0	0	0	0	.	
8_122710281_122710281	0	1	0	0	0	0	0	0	1	0	0	0	0	0	.	
5_72232582_72232582	0	1	0	0	0	0	0	0	1	0	0	0	0	0	.	
1_10636860_10636860	0	1	0	0	0	0	0	0	1	0	0	0	0	0	.	
19_6325491_6325491	0	1	0	0	0	0	0	0	1	0	0	0	0	0	.	
3_184257853_184257853	0	1	0	0	0	1	0	0	0	1	0	0	0	0	.	
9_19048981_19048981	0	1	1	0	0	0	0	0	0	0	0	0	0	0	.	
1_202773188_202773188	0	1	1	0	0	0	0	0	0	0	0	0	0	0	.	
4_17414819_17414819	0	1	0	0	0	0	0	0	1	0	0	0	0	0	.	
4_8060801_8060801	0	1	0	0	1	0	0	0	0	0	0	0	0	0	.	
22_21172396_21172396	0	1	0	1	1	0	0	0	0	0	0	0	1	0	.	
15_46818459_46818459	0	1	0	1	1	0	0	0	0	0	0	0	0	0	.	
11_78090667_78090667	0	1	0	0	0	0	0	0	1	0	0	0	0	1	.	
6_12239119_12239119	0	1	0	1	0	1	0	0	0	1	1	0	0	0	.	
3_151867402_151867402	0	1	0	0	0	0	0	0	0	0	0	1	1	0	.	
3_170994255_170994255	0	1	1	0	0	0	0	0	0	0	0	0	0	0	.	
12_51131749_51131749	0	1	0	0	1	0	1	0	0	0	0	0	0	0	.	
4_146296175_146296175	0	1	0	0	0	1	0	0	0	1	0	1	0	0	.	
8_39706584_39706584	0	1	1	0	0	0	0	0	0	0	0	0	0	0	.	
5_495824_495824	0	0	0	1	0	1	0	0	0	0	0	0	0	0	.	
15_87972700_87972700	0	0	0	1	0	1	0	0	0	0	1	0	0	0	.	
1_175118682_175118682	0	0	0	0	0	0	1	0	0	0	0	0	0	1	.	
1_169567444_169567444	0	0	0	0	0	0	0	0	0	1	1	0	0	0	.	
2_80384079_80384079	0	0	0	0	0	0	0	0	0	1	0	0	0	1	.	
2_180518324_180518324	0	0	0	0	0	0	0	0	0	1	0	0	0	1	.	
19_22154805_22154805	0	0	0	0	0	0	0	0	0	1	0	1	0	1	.	
2_181633657_181633657	0	0	0	0	0	0	0	0	0	0	1	0	0	1	.	
8_49018417_49018417	0	0	0	0	0	0	0	0	0	0	1	0	0	1	.	
9_71280858_71280858	0	0	0	0	0	0	0	0	0	0	1	0	0	1	.	
15_42647080_42647080	0	0	0	0	0	0	0	0	0	0	1	0	0	1	.	
19_57188370_57188370	0	0	0	0	0	0	0	0	0	0	1	0	0	1	.	
