mutation_id	a,b,c,e,f	d	b,e,f	a,c	b,f	e	b	f	a	c	driver_gene	
1_78201955_78201955	0	1	0	1	1	0	0	0	0	0	FUBP1	
12_2844151_2844151	0	1	1	0	0	0	0	0	1	0	.	
12_51131749_51131749	0	1	0	0	1	0	0	0	0	0	.	
15_87972700_87972700	0	1	0	1	0	0	1	0	0	0	.	
22_21172396_21172396	0	1	1	0	0	0	0	0	1	0	.	
4_17414819_17414819	0	1	1	0	0	0	0	0	0	0	.	
5_495824_495824	0	1	0	1	0	0	0	0	0	0	.	
6_12239119_12239119	0	1	0	1	0	1	1	0	0	0	.	
8_145646634_145646634	0	1	1	0	0	0	0	0	0	0	.	
19_22154805_22154805	0	0	1	0	0	0	0	0	0	1	.	
9_130306991_130306991	0	0	0	1	0	0	0	1	0	0	.	
11_78090667_78090667	0	0	0	0	1	0	0	0	0	1	.	
2_180518324_180518324	0	0	0	0	0	1	0	0	0	1	.	
1_77756910_77756910	0	0	0	0	0	0	1	0	0	1	.	
1_221223048_221223048	0	0	0	0	0	0	1	0	0	1	.	
12_115498187_115498187	0	0	0	0	0	0	1	0	0	1	.	
14_23656017_23656017	0	0	0	0	0	0	1	0	1	0	.	
16_66219914_66219914	0	0	0	0	0	0	1	0	0	1	CTCF	
19_11329367_11329367	0	0	0	0	0	0	1	0	0	1	.	
19_17699507_17699507	0	0	0	0	0	0	1	0	1	0	.	
6_30222948_30222948	0	0	0	0	0	0	1	0	1	0	.	
7_150373261_150373261	0	0	0	0	0	0	1	0	0	1	.	
9_720196_720196	0	0	0	0	0	0	1	0	0	1	.	
3_151867402_151867402	0	0	0	0	0	0	0	1	1	0	.	
