mutation_id	Met1,Met2,Met4	Prim	Met1,Met4	Met2	Met1	Met4	driver_gene	
1_109439551	0	1	0	1	0	1	.	
1_153905763	0	1	0	1	0	0	.	
2_29451793	0	1	1	0	0	0	ALK	
2_141259390	0	1	0	0	1	0	.	
3_130150715	0	1	0	1	1	0	.	
3_147113750	0	1	0	1	1	0	.	
3_147127973	0	1	0	1	1	0	.	
3_155199657	0	1	0	1	0	1	.	
4_23814718	0	1	1	0	0	0	.	
7_71743783	0	1	0	1	0	1	.	
7_73011254	0	1	0	1	0	1	.	
7_107303871	0	1	0	1	0	1	.	
10_72195542	0	1	1	0	0	0	.	
11_830099	0	1	0	1	1	0	.	
11_55761901	0	1	1	0	0	0	.	
11_55761902	0	1	1	0	0	0	.	
16_17211699	0	1	1	0	0	0	.	
17_53485153	0	1	1	0	0	0	.	
19_52023450	0	1	1	0	0	0	.	
19_53762201	0	1	1	0	0	0	.	
19_54746394	0	1	0	1	0	0	.	
20_40790127	0	1	1	0	0	0	.	
20_61341199	0	1	1	0	0	0	.	
2_3651918	0	0	0	1	1	0	.	
2_29295306	0	0	0	1	1	0	.	
2_32713704	0	0	0	1	1	0	.	
2_66664987	0	0	0	1	1	0	.	
2_80773057	0	0	0	1	1	0	.	
7_6547941	0	0	0	1	0	1	.	
12_82750856	0	0	0	1	1	0	.	
14_24839611	0	0	0	1	0	1	.	
