mutation_id	Met2,Met3	Met1,Met4	Met2	Met3	Met1	Met4	driver_gene	
2_110342763	1	0	0	0	0	1	.	
12_88465632	1	0	0	0	1	0	.	
1_89520851	0	1	1	0	0	0	.	
10_118687319	0	1	1	0	0	0	.	
1_52947128	0	0	1	0	1	0	.	
1_201178696	0	0	1	0	1	0	.	
2_98129813	0	0	1	0	1	0	.	
2_108455338	0	0	1	0	1	0	.	
2_152663433	0	0	1	0	0	1	.	
3_100565246	0	0	1	0	0	1	.	
3_195515588	0	0	1	0	1	0	.	
10_46238853	0	0	1	0	0	1	.	
19_21492122	0	0	1	0	1	0	.	
20_47989673	0	0	1	0	1	0	.	
4_177605077	0	0	0	1	0	1	.	
11_18456380	0	0	0	1	1	0	.	
11_62296299	0	0	0	1	0	1	.	
12_42491268	0	0	0	1	0	1	.	
