mutation_id	Met1,Met2,Met3,Met4	Prim	Met1,Met2,Met3	Met4	Met1,Met2	Met3	Met1	Met2	driver_gene	
1_15893604	0	1	0	1	0	1	0	1	.	
1_49242470	0	1	1	0	0	0	0	0	.	
1_107599342	0	1	0	0	0	1	0	1	.	
2_74754715	0	1	1	0	0	0	0	0	.	
2_114500277	0	1	1	0	0	0	0	0	.	
2_234357833	0	1	0	0	0	1	0	1	.	
2_241534465	0	1	1	0	0	0	0	0	.	
5_76373073	0	1	0	1	1	0	0	0	.	
5_150947779	0	1	0	1	0	1	0	1	.	
5_178552077	0	1	1	0	0	0	0	0	.	
6_107390484	0	1	1	0	0	0	0	0	.	
7_72880627	0	1	0	0	0	0	0	1	.	
7_100087172	0	1	1	0	0	0	0	0	.	
10_73521775	0	1	1	0	0	0	0	0	.	
10_75185882	0	1	0	1	0	1	0	1	.	
10_105037691	0	1	1	0	0	0	0	0	.	
11_64137314	0	1	1	0	0	0	0	0	.	
11_120008540	0	1	1	0	0	0	0	0	.	
12_49426461	0	1	1	0	0	0	0	0	KMT2D	
14_24653579	0	1	0	1	0	1	0	1	.	
15_89392845	0	1	1	0	0	0	0	0	.	
17_40963789	0	1	1	0	0	0	0	0	.	
17_48276647	0	1	1	0	0	0	0	0	.	
17_56435161	0	1	1	0	0	0	0	0	RNF43	
17_56565351	0	1	1	0	0	0	0	0	.	
17_71205858	0	1	1	0	0	0	0	0	.	
18_44266168	0	1	0	1	0	1	0	1	.	
19_39281467	0	1	0	0	1	0	0	0	.	
19_46394042	0	1	1	0	0	0	0	0	.	
22_19967425	0	1	1	0	0	0	0	0	.	
22_37962596	0	1	1	0	0	0	0	0	.	
2_26950703	0	0	0	1	0	1	0	1	.	
16_15164027	0	0	0	1	0	1	0	1	.	
1_185137475	0	0	0	0	0	1	0	1	.	
22_18918608	0	0	0	0	0	1	1	0	.	
