mutation_id	Met1,Met2,Met3,Prim	Met0	Met2,Met3	Met1,Prim	Met2	Met3	Met1	Prim	driver_gene	
1_214171503	0	1	0	0	1	0	0	1	.	
2_24964844	0	1	0	1	0	0	0	0	.	
3_27439719	0	1	0	0	1	0	0	1	.	
4_57261551	0	1	0	0	1	0	0	1	.	
8_55540593	0	1	0	0	1	0	0	1	.	
9_18775831	0	1	1	0	0	0	0	1	.	
11_34093454	0	1	0	0	1	0	0	1	.	
11_56044009	0	1	0	0	1	0	0	0	.	
12_120805857	0	1	0	0	0	1	0	1	.	
19_4511341	0	1	0	1	0	1	0	0	.	
19_6468587	0	1	0	0	0	0	0	1	.	
20_23066476	0	1	0	1	0	0	0	0	.	
22_26707850	0	1	0	0	1	0	0	1	.	
22_45958918	0	1	0	0	1	0	0	0	.	
X_53264313	0	1	0	0	0	1	0	1	.	
2_108455310	0	0	0	1	1	0	0	0	.	
