mutation_id	Met2,Met3,Met4	Prim	Met2,Met3	Met4	Met2	Met3	driver_gene	
1_155936654	0	1	0	0	0	1	.	
3_77147427	0	1	0	1	0	1	.	
5_134109461	0	1	0	0	1	0	.	
5_149918853	0	1	0	1	1	0	.	
6_56362753	0	1	0	1	0	0	.	
6_151259844	0	1	0	0	1	0	.	
7_55268059	0	1	0	1	0	1	EGFR	
10_70670073	0	1	1	0	0	0	.	
10_104356917	0	1	0	0	1	0	.	
10_124189200	0	1	0	0	1	0	.	
10_126384776	0	1	0	0	1	0	.	
12_53873204	0	1	0	1	1	0	.	
12_105385529	0	1	0	1	1	0	.	
12_122619886	0	1	0	0	1	0	.	
15_45456980	0	1	0	0	0	1	.	
16_30096369	0	1	0	0	1	0	.	
16_71094518	0	1	0	1	1	0	.	
17_27999110	0	1	0	0	1	0	.	
17_33520358	0	1	0	0	0	1	.	
17_38345468	0	1	0	0	1	0	.	
17_60033176	0	1	0	1	0	0	.	
18_30260222	0	1	1	0	0	0	.	
19_621107	0	1	1	0	0	0	POLRMT	
19_16963937	0	1	0	1	0	1	.	
20_2378669	0	1	0	1	0	1	.	
20_18496338	0	1	0	0	1	0	.	
1_29323820	0	0	0	1	1	0	.	
1_200974705	0	0	0	1	1	0	.	
2_96795838	0	0	0	1	1	0	.	
2_99227329	0	0	0	1	1	0	.	
2_131797625	0	0	0	1	0	1	.	
2_201436778	0	0	0	1	0	1	.	
3_119101176	0	0	0	1	1	0	.	
5_110843027	0	0	0	1	1	0	.	
6_168430329	0	0	0	1	0	1	.	
7_31378711	0	0	0	1	1	0	.	
9_2643294	0	0	0	1	1	0	.	
10_29811393	0	0	0	1	1	0	.	
14_23530345	0	0	0	1	0	1	.	
15_43695966	0	0	0	1	1	0	.	
16_3778442	0	0	0	1	0	1	CREBBP	
16_21261596	0	0	0	1	1	0	.	
20_5919235	0	0	0	1	1	0	.	
20_54578976	0	0	0	1	1	0	.	
X_53453325	0	0	0	1	0	1	.	
X_69712424	0	0	0	1	0	1	.	
