mutation_id	Met0,Met1,Met3,Met4,Met5,Met6,Met7	Prim	Met1,Met3,Met4,Met5,Met6,Met7	Met0	Met1,Met3,Met4,Met7	Met5,Met6	Met1,Met3,Met7	Met4	Met3,Met7	Met1	Met3	Met7	Met5	Met6	driver_gene	
1_155165873	0	1	0	1	0	1	0	0	0	0	0	1	0	0	.	
2_203760799	0	1	1	0	0	0	0	0	0	0	0	0	0	0	.	
6_36930739	0	1	0	1	1	0	0	0	0	0	0	0	1	0	.	
12_112846063	0	1	0	0	0	0	0	0	1	0	0	0	0	0	.	
1_150248187	0	0	0	1	1	0	0	0	0	0	0	0	0	0	.	
7_105177146	0	0	0	1	0	1	1	0	0	0	0	0	0	0	.	
14_55467328	0	0	0	1	1	0	0	0	0	0	0	0	1	0	.	
14_102466355	0	0	0	1	0	1	1	0	0	0	0	0	0	0	.	
3_129546978	0	0	0	0	0	0	1	0	0	0	0	0	1	0	.	
