mutation_id	Met1,Met2,Met3,Met4	Prim	Met1,Met2,Met3	Met4	Met2,Met3	Met1	Met2	Met3	driver_gene	
1_192780679	0	1	0	1	0	1	1	0	.	
1_205554101	0	1	0	1	0	1	1	0	.	
1_216595566	0	1	0	1	0	1	1	0	.	
1_237880530	0	1	0	1	0	1	1	0	.	
2_216296680	0	1	0	1	1	0	0	0	.	
4_154624450	0	1	1	0	0	0	0	0	.	
11_1266651	0	1	1	0	0	0	0	0	.	
17_25973598	0	1	0	0	1	0	0	0	.	
19_54691117	0	1	0	0	0	0	0	1	.	
19_54848794	0	1	1	0	0	0	0	0	.	
X_35989865	0	1	0	1	0	1	0	1	.	
1_109280141	0	0	0	1	0	1	1	0	.	
2_228883454	0	0	0	1	1	0	0	0	.	
3_42739737	0	0	0	1	0	0	1	0	.	
10_23481662	0	0	0	1	0	1	1	0	.	
14_73958340	0	0	0	0	0	1	0	1	.	
