mutation_id	Met1,Met2,Met3,Met4,Met5,Met6	Prim	Met1,Met2,Met3,Met4,Met6	Met5	Met2,Met3,Met4,Met6	Met1	Met2,Met3,Met6	Met4	Met2,Met3	Met6	Met2	Met3	driver_gene	
1_2939177	0	1	0	1	1	0	0	0	0	0	0	0	.	
1_57173340	0	1	1	0	0	0	0	0	0	0	0	0	.	
3_41266113	0	1	1	0	0	0	0	0	0	0	0	0	CTNNB1	
4_151770610	0	1	0	1	0	1	1	0	0	0	0	0	.	
7_143053779	0	1	0	0	1	0	0	0	0	0	0	0	.	
14_104641742	0	1	0	1	0	1	0	1	1	0	0	0	.	
16_10867955	0	1	0	0	0	0	1	0	0	0	0	0	.	
1_10711024	0	0	0	1	0	1	0	1	0	1	1	0	.	
3_138739017	0	0	0	1	0	0	0	1	1	0	0	0	.	
10_96708892	0	0	0	1	0	1	1	0	0	0	0	0	.	
20_2290450	0	0	0	1	0	1	0	1	0	1	1	0	.	
10_97110968	0	0	0	0	0	1	0	1	0	0	0	0	.	
13_20716958	0	0	0	0	0	1	0	0	0	1	1	0	.	
