mutation_id	Met1,Met2,Met3	Prim	Met2,Met3	Met1	Met2	Met3	driver_gene	
1_27741365	0	1	0	1	0	0	.	
1_158576347	0	1	0	1	0	0	.	
1_158576348	0	1	0	1	0	0	.	
1_197144216	0	1	0	1	0	0	.	
2_179633515	0	1	0	1	0	0	.	
5_26903783	0	1	0	1	0	0	.	
5_35806854	0	1	0	1	0	0	.	
5_36985807	0	1	0	1	0	0	NIPBL	
8_72183995	0	1	0	1	0	0	.	
9_72892310	0	1	0	1	1	0	.	
9_115759672	0	1	0	1	0	0	.	
9_132689581	0	1	0	1	0	0	.	
11_56058388	0	1	0	0	1	0	.	
11_58604743	0	1	0	0	0	1	.	
11_113674571	0	1	0	1	0	0	.	
12_29639270	0	1	0	1	0	0	.	
12_51347831	0	1	0	1	0	0	.	
12_79693196	0	1	0	1	0	0	.	
12_81004389	0	1	0	1	0	0	.	
17_3352282	0	1	0	1	0	0	.	
17_64024490	0	1	0	0	1	0	.	
19_53957950	0	1	0	1	0	0	.	
21_33064244	0	1	0	1	0	0	SCAF4	
22_20458118	0	1	1	0	0	0	.	
X_3007616	0	1	0	0	1	0	.	
X_3007617	0	1	0	1	0	0	.	
X_21755754	0	1	0	1	0	0	.	
X_69843834	0	1	0	1	0	0	.	
X_83375006	0	1	0	1	0	0	.	
1_74801754	0	0	0	1	1	0	.	
1_144912213	0	0	0	1	1	0	.	
2_179516998	0	0	0	1	1	0	.	
3_130682890	0	0	0	1	0	1	.	
3_148563304	0	0	0	1	1	0	.	
12_1299139	0	0	0	1	0	1	.	
12_12356272	0	0	0	1	0	1	.	
17_66972318	0	0	0	1	1	0	.	
