mutation_id	M1,M3,M4,M5,P1,P2,P3	M2	M1,M3,M5,P1,P3	M4,P2	M1,M3,P1,P3	M5	M1,M3,P3	P1	M1,M3	P3	M1	M3	M4	P2	driver_gene	
1_1226974_1226974_A_G	0	1	0	0	1	0	0	0	0	0	0	0	0	0	.	
1_43783021_43783021_T_G	0	1	0	0	0	0	0	0	0	0	1	0	0	0	.	
1_157773695_157773695_C_G	0	1	0	0	0	0	0	0	0	0	0	1	0	0	.	
1_160784448_160784448_G_C	0	1	0	0	0	0	0	0	1	0	0	0	0	0	.	
1_161495454_161495454_G_T	0	1	1	0	0	0	0	0	0	0	0	0	0	0	.	
1_218458770_218458770_G_A	0	1	0	0	0	0	0	0	0	0	0	1	0	0	.	
1_221912959_221912959_G_T	0	1	0	0	0	0	0	0	1	0	0	0	0	0	.	
2_220074976_220074976_T_C	0	1	1	0	0	0	0	0	0	0	0	0	0	0	.	
3_51457818_51457818_A_C	0	1	0	0	0	0	0	0	0	0	0	1	0	0	.	
3_124826938_124826938_G_C	0	1	0	0	0	1	0	0	1	0	0	0	0	0	.	
3_186338660_186338660_G_A	0	1	1	0	0	0	0	0	0	0	0	0	0	0	.	
4_73185588_73185588_C_T	0	1	0	0	0	0	0	0	0	0	0	1	0	0	.	
4_113508633_113508633_C_T	0	1	0	0	0	0	0	0	1	0	0	0	0	0	.	
5_72189029_72189029_C_T	0	1	0	0	0	0	0	0	0	0	0	1	0	0	.	
5_134782087_134782087_T_C	0	1	1	0	0	0	0	0	0	0	0	0	0	0	.	
5_171765942_171765942_C_G	0	1	0	0	0	1	0	0	1	0	0	0	1	0	.	
6_46976808_46976808_C_T	0	1	1	0	0	0	0	0	0	0	0	0	0	0	.	
6_56354371_56354371_C_G	0	1	0	0	0	0	0	0	1	0	0	0	0	0	.	
6_90605527_90605527_C_T	0	1	0	0	0	1	0	0	1	0	0	0	1	0	.	
6_152786497_152786497_C_G	0	1	0	0	0	0	0	0	0	0	0	1	0	0	.	
6_160485490_160485490_G_C	0	1	1	0	0	0	0	0	0	0	0	0	0	0	.	
7_33376127_33376127_C_T	0	1	0	0	0	0	0	0	1	0	0	0	0	0	.	
7_37780185_37780185_G_A	0	1	0	0	0	0	1	0	0	0	0	0	0	0	.	
7_47870892_47870892_C_T	0	1	1	0	0	0	0	0	0	0	0	0	0	0	.	
7_76871053_76871053_C_A	0	1	0	0	0	1	0	0	1	0	0	0	0	0	.	
8_142221608_142221608_G_T	0	1	0	0	0	1	0	0	1	0	0	0	0	0	.	
8_145111380_145111380_C_T	0	1	0	0	0	0	0	0	1	0	0	0	0	0	.	
15_43893663_43893663_C_G	0	1	0	0	0	0	0	0	1	0	0	0	0	0	.	
16_70710857_70710857_C_T	0	1	0	0	0	0	0	0	1	0	0	0	0	0	.	
17_10360850_10360850_C_T	0	1	0	0	0	0	0	1	1	0	0	0	0	0	.	
17_26925964_26925964_T_C	0	1	1	0	0	0	0	0	0	0	0	0	1	0	.	
17_48153727_48153727_C_G	0	1	0	0	0	0	0	0	0	0	0	1	0	0	.	
17_72948423_72948423_C_G	0	1	0	0	0	1	0	0	1	0	0	0	0	0	.	
17_73559503_73559503_A_C	0	1	0	0	0	0	0	0	0	0	0	1	0	0	.	
17_74018025_74018025_C_T	0	1	0	0	0	1	0	0	1	0	0	0	0	0	.	
19_47910660_47910660_T_C	0	1	0	0	0	0	0	0	0	0	0	1	0	0	.	
19_48626439_48626439_G_C	0	1	0	0	0	1	0	0	1	0	0	0	0	0	.	
19_50970967_50970967_C_T	0	1	0	0	0	0	1	0	0	0	0	0	0	0	.	
22_36886113_36886113_G_A	0	1	0	0	0	1	0	0	0	0	0	1	0	0	.	
23_14027247_14027247_C_T	0	1	1	0	0	0	0	0	0	0	0	0	1	0	.	
23_19387332_19387332_G_A	0	1	1	0	0	0	0	0	0	0	0	0	0	0	.	
23_47426102_47426102_C_G	0	1	0	0	1	0	0	0	0	0	0	0	0	0	ARAF	
1_109801345_109801345_C_T	0	0	0	1	0	0	0	1	0	1	1	0	0	0	.	
2_236708146_236708146_C_T	0	0	0	1	1	0	0	0	0	0	0	0	0	0	.	
3_30715732_30715732_G_T	0	0	0	1	0	0	0	0	0	1	1	0	0	0	TGFBR2	
3_171417570_171417570_G_A	0	0	0	1	0	0	0	0	0	1	0	1	0	0	.	
6_29627222_29627222_C_A	0	0	0	1	0	1	0	1	0	1	0	1	0	0	.	
6_34499476_34499476_C_G	0	0	0	1	0	0	1	0	0	0	0	0	0	0	.	
10_85974270_85974270_C_A	0	0	0	1	0	1	0	1	0	0	1	0	0	0	.	
10_124348622_124348622_C_T	0	0	0	1	0	1	0	1	0	1	1	0	0	0	.	
16_58318522_58318522_G_A	0	0	0	1	0	1	0	1	0	1	0	1	0	0	.	
17_10363295_10363295_C_T	0	0	0	1	1	0	0	0	0	0	0	0	0	0	.	
17_79916842_79916842_C_T	0	0	0	1	1	0	0	0	0	0	0	0	0	0	.	
19_42509957_42509957_T_A	0	0	0	1	0	1	1	0	0	0	0	0	0	0	.	
1_169454935_169454935_G_C	0	0	0	0	0	1	0	0	1	0	0	0	1	0	.	
5_65459714_65459714_G_A	0	0	0	0	0	1	0	0	0	0	1	0	0	0	.	
5_140346893_140346893_C_G	0	0	0	0	0	1	0	0	1	0	0	0	1	0	.	
6_3127553_3127553_C_T	0	0	0	0	0	1	0	0	0	0	1	0	0	0	.	
7_55241639_55241639_G_T	0	0	0	0	0	1	0	0	1	0	0	0	1	0	EGFR	
11_95504804_95504804_C_G	0	0	0	0	0	1	0	0	0	0	1	0	1	0	.	
12_7647829_7647829_G_C	0	0	0	0	0	1	0	0	0	0	0	1	1	0	.	
12_22778207_22778207_C_T	0	0	0	0	0	1	0	0	0	0	0	0	1	0	.	
12_27461299_27461299_C_T	0	0	0	0	0	1	0	0	1	0	0	0	1	0	.	
12_112323739_112323739_G_C	0	0	0	0	0	1	0	0	0	0	0	0	1	0	.	
15_76463349_76463349_G_A	0	0	0	0	0	1	0	0	1	0	0	0	1	0	.	
16_2201738_2201738_C_T	0	0	0	0	0	1	0	0	1	0	0	0	1	0	.	
17_43364616_43364616_C_G	0	0	0	0	0	1	0	0	1	0	0	0	1	0	.	
19_16643552_16643552_C_G	0	0	0	0	0	1	0	0	1	0	0	0	1	0	.	
9_79320793_79320793_C_T	0	0	0	0	0	0	1	0	0	0	0	0	1	0	.	
17_8051031_8051031_C_T	0	0	0	0	0	0	0	1	0	1	1	0	1	0	.	
1_247769554_247769554_C_T	0	0	0	0	0	0	0	0	1	0	0	0	1	0	.	
2_64085030_64085030_C_T	0	0	0	0	0	0	0	0	1	0	0	0	1	0	.	
2_73456014_73456014_C_T	0	0	0	0	0	0	0	0	1	0	0	0	1	0	.	
5_153765976_153765976_G_C	0	0	0	0	0	0	0	0	1	0	0	0	1	0	.	
5_171765653_171765653_C_T	0	0	0	0	0	0	0	0	1	0	0	0	1	0	.	
6_57061359_57061359_G_A	0	0	0	0	0	0	0	0	1	0	0	0	1	0	.	
6_57061377_57061377_G_C	0	0	0	0	0	0	0	0	1	0	0	0	1	0	.	
10_13152407_13152407_G_C	0	0	0	0	0	0	0	0	1	0	0	0	1	0	.	
15_40675205_40675205_G_A	0	0	0	0	0	0	0	0	1	0	0	0	1	0	.	
16_31487416_31487416_C_G	0	0	0	0	0	0	0	0	1	0	0	0	1	0	.	
19_50962520_50962520_C_G	0	0	0	0	0	0	0	0	1	0	0	0	1	0	.	
23_79973156_79973156_G_A	0	0	0	0	0	0	0	0	1	0	0	0	1	0	.	
11_64876807_64876807_C_G	0	0	0	0	0	0	0	0	0	0	1	0	1	0	.	
2_39240651_39240651_C_G	0	0	0	0	0	0	0	0	0	0	0	1	1	0	SOS1	
3_3887723_3887723_G_C	0	0	0	0	0	0	0	0	0	0	0	1	1	0	.	
3_9066978_9066978_C_G	0	0	0	0	0	0	0	0	0	0	0	1	1	0	.	
4_99407920_99407920_G_A	0	0	0	0	0	0	0	0	0	0	0	1	1	0	.	
10_7213946_7213946_C_G	0	0	0	0	0	0	0	0	0	0	0	1	1	0	.	
