mutation_id	M1,M2,M2-2,P	M3	M1,P	M2,M2-2	M1	P	M2	M2-2	driver_gene	
2_27803929_27803929_G_A	0	1	0	1	0	0	0	0	.	
2_131976064_131976064_G_A	0	1	0	1	0	0	0	0	.	
4_88767416_88767416_G_T	0	1	0	1	0	0	0	0	.	
6_165809905_165809905_G_A	0	1	0	1	0	0	0	0	.	
9_5763247_5763247_C_G	0	1	0	0	0	0	1	0	.	
9_86503440_86503440_G_C	0	1	0	1	0	0	0	0	.	
11_57100307_57100307_G_C	0	1	0	1	0	0	0	0	.	
15_28387518_28387518_C_A	0	1	0	1	0	0	0	0	.	
16_4748019_4748019_G_T	0	1	0	1	0	0	0	0	.	
17_71354331_71354331_G_C	0	1	0	1	0	0	0	0	.	
21_42861519_42861519_C_G	0	1	0	1	0	0	0	0	.	
22_21152936_21152936_T_A	0	1	0	1	0	0	0	0	.	
23_37981412_37981412_G_T	0	1	0	1	0	0	0	0	.	
