mutation_id	M2,M3,P1,P2,P3	M2,M3,P1,P3	P2	M2,M3,P3	P1	M2,M3	P3	M2	M3	M1,P5,P6	P4	P5,P6	M1	P5	P6	driver_gene	
6_42713227_42713227_C_G	1	0	0	0	0	0	0	0	0	0	1	0	0	1	0	.	
17_42338993_42338993_C_T	1	0	0	0	0	0	0	0	0	0	1	0	0	0	0	.	
21_46906833_46906833_C_T	0	0	1	0	0	0	0	1	0	1	0	0	0	0	0	.	
2_205989139_205989139_G_C	0	0	0	0	1	0	1	1	0	0	0	0	0	0	0	.	
6_36168754_36168754_C_A	0	0	0	0	0	1	0	0	0	1	0	0	0	0	0	.	
1_155015269_155015269_C_A	0	0	0	0	0	0	0	1	0	0	0	1	0	0	0	.	
8_106815431_106815431_A_G	0	0	0	0	0	0	0	1	0	0	0	1	0	0	0	.	
10_29777680_29777680_A_G	0	0	0	0	0	0	0	1	0	1	0	0	0	0	0	.	
19_56223171_56223171_C_G	0	0	0	0	0	0	0	1	0	0	0	0	0	1	0	.	
