mutation_id	M2,M3,M4,P1,P2,P3	M1	P1,P2,P3	M2,M3,M4	P2,P3	P1	P2	P3	M2,M4	M3	M2	M4	driver_gene	
10_29821049_29821049_C_G	0	1	0	1	0	0	0	0	0	0	0	0	.	
1_36204136_36204136_G_C	0	0	1	0	0	0	0	0	0	1	0	1	.	
17_37239767_37239767_C_T	0	0	1	0	0	0	0	0	0	1	0	1	.	
2_202501549_202501549_C_T	0	0	0	1	0	1	0	0	0	0	0	0	.	
3_4853096_4853096_G_A	0	0	0	1	0	1	0	0	0	0	0	0	.	
4_1346940_1346940_G_A	0	0	0	1	0	1	0	0	0	0	0	0	.	
4_57843220_57843220_C_T	0	0	0	1	0	1	0	0	0	0	0	0	.	
5_167626099_167626099_C_G	0	0	0	1	0	1	0	0	0	0	0	0	.	
5_167626109_167626109_C_T	0	0	0	1	0	1	0	0	0	0	0	0	.	
7_27148276_27148276_G_T	0	0	0	1	0	0	1	0	0	0	0	0	.	
7_87563845_87563845_C_T	0	0	0	1	0	1	0	0	0	0	0	0	.	
7_98445738_98445738_G_A	0	0	0	1	0	1	0	0	0	0	0	0	.	
11_65349399_65349399_C_T	0	0	0	1	0	1	0	0	0	0	0	0	.	
12_29630370_29630370_C_T	0	0	0	1	1	0	0	0	0	0	0	0	.	
14_24588009_24588009_C_T	0	0	0	1	0	1	0	0	0	0	0	0	.	
18_9559548_9559548_G_A	0	0	0	1	0	1	0	0	0	0	0	0	.	
19_18650410_18650410_T_A	0	0	0	0	0	1	1	0	1	0	0	0	.	
1_38023250_38023250_C_T	0	0	0	0	0	0	0	0	0	1	0	1	.	
2_185801312_185801312_G_A	0	0	0	0	0	0	0	0	0	1	1	0	.	
2_234621885_234621885_C_T	0	0	0	0	0	0	0	0	0	1	1	0	.	
7_138968014_138968014_C_T	0	0	0	0	0	0	0	0	0	1	0	1	.	
11_837561_837561_G_C	0	0	0	0	0	0	0	0	0	1	1	0	.	
11_47689200_47689200_G_A	0	0	0	0	0	0	0	0	0	1	1	0	.	
15_33952614_33952614_G_A	0	0	0	0	0	0	0	0	0	1	0	1	.	
17_33679965_33679965_G_C	0	0	0	0	0	0	0	0	0	1	0	1	.	
17_38032995_38032995_C_A	0	0	0	0	0	0	0	0	0	1	0	1	.	
