mutation_id	M1,M2,M3,M4	P1,P2,P3	M1,M2,M3	M4	M2,M3	M1	M2	M3	P1,P2	P3	P1	P2	driver_gene	
2_234669321_234669321_T_G	1	0	0	0	0	0	0	0	1	0	0	0	.	
5_137771351_137771351_A_C	1	0	0	0	0	0	0	0	1	0	0	0	.	
7_120428708_120428708_T_G	1	0	0	0	0	0	0	0	1	0	0	0	.	
8_55537628_55537628_C_T	1	0	0	0	0	0	0	0	0	0	0	1	.	
10_71016865_71016865_G_T	1	0	0	0	0	0	0	0	1	0	0	0	.	
17_649234_649234_G_C	1	0	0	0	0	0	0	0	0	0	1	0	.	
20_60987770_60987770_T_A	1	0	0	0	0	0	0	0	0	1	0	1	.	
6_7229307_7229307_C_-	0	1	0	1	1	0	0	0	0	0	0	0	.	
19_17000657_17000657_C_A	0	1	0	1	1	0	0	0	0	0	0	0	.	
16_84432157_84432157_C_G	0	0	1	0	0	0	0	0	0	0	0	1	.	
6_28135033_28135033_A_T	0	0	0	1	0	0	0	0	0	0	0	1	.	
14_101005145_101005145_C_T	0	0	0	0	0	1	1	0	0	0	0	0	.	
