mutation_id	M1,M2,P1,P3	P2	M1,M2	P1,P3	M1	M2	P1	P3	driver_gene	
1_162557314_162557314_T_G	0	1	0	1	1	0	0	0	.	
1_186045712_186045712_G_A	0	1	0	1	0	0	0	0	.	
2_55077136_55077136_G_A	0	1	0	0	0	0	1	0	.	
2_226447187_226447187_G_A	0	1	0	0	0	0	1	0	.	
3_97467511_97467511_T_C	0	1	0	1	0	1	0	0	.	
3_128126968_128126968_C_T	0	1	0	0	0	0	1	0	.	
4_5754768_5754768_G_A	0	1	0	0	1	0	0	0	.	
6_33638955_33638955_C_T	0	1	0	0	0	0	1	0	.	
6_170871126_170871126_C_T	0	1	0	0	0	0	1	0	.	
7_47851516_47851516_C_T	0	1	0	1	0	0	0	0	.	
7_111977857_111977857_T_G	0	1	0	1	0	0	0	0	.	
16_3017153_3017153_G_C	0	1	1	0	0	0	1	0	.	
17_1630949_1630949_G_A	0	1	0	0	0	0	1	0	.	
17_78343470_78343470_G_C	0	1	1	0	0	0	0	1	.	
23_114541197_114541197_A_G	0	1	0	1	0	1	0	0	.	
1_11313898_11313898_C_G	0	0	0	1	1	0	0	0	MTOR	
11_111784371_111784371_G_A	0	0	0	0	1	0	0	1	.	
15_86262321_86262321_G_C	0	0	0	0	1	0	0	1	.	
19_2413777_2413777_G_A	0	0	0	0	1	0	0	1	.	
6_7229595_7229595_-_G	0	0	0	0	0	1	0	1	.	
