mutation_id	M2,M3,M4	M1,P1	M2,M4	M3	M2	M4	M1	P1	driver_gene	
1_153932666_153932666_C_G	1	0	0	0	0	0	0	1	.	
1_156503649_156503649_C_T	1	0	0	0	0	0	0	1	.	
1_157062665_157062665_G_C	1	0	0	0	0	0	1	0	.	
1_158669710_158669710_G_A	1	0	0	0	0	0	1	0	.	
1_160263223_160263223_C_G	1	0	0	0	0	0	1	0	.	
1_196659297_196659297_C_A	1	0	0	0	0	0	0	1	.	
2_1748098_1748098_G_A	1	0	0	0	0	0	0	1	.	
2_128380923_128380923_C_G	1	0	0	0	0	0	0	1	.	
2_202501549_202501549_C_T	1	0	0	0	0	0	0	1	.	
2_219886593_219886593_G_C	1	0	0	0	0	0	1	0	.	
2_220405214_220405214_C_T	1	0	0	0	0	0	0	1	.	
3_4853096_4853096_G_A	1	0	0	0	0	0	0	1	.	
3_44763521_44763521_G_C	1	0	0	0	0	0	1	0	.	
3_49081934_49081934_G_C	1	0	0	0	0	0	0	1	.	
3_178952085_178952085_A_G	1	0	0	0	0	0	0	1	PIK3CA	
4_1346940_1346940_G_A	1	0	0	0	0	0	0	1	.	
4_20884291_20884291_C_G	1	0	0	0	0	0	0	1	.	
4_30723165_30723165_G_A	1	0	0	0	0	0	0	1	.	
4_47877273_47877273_G_C	1	0	0	0	0	0	0	1	.	
5_147781579_147781579_G_C	1	0	0	0	0	0	1	0	.	
5_167626099_167626099_C_G	1	0	0	0	0	0	0	1	.	
5_167626109_167626109_C_T	1	0	0	0	0	0	0	1	.	
6_26104457_26104457_G_T	1	0	0	0	0	0	0	1	.	
6_111587561_111587561_G_A	1	0	0	0	0	0	0	1	.	
7_6064318_6064318_C_T	1	0	0	0	0	0	0	1	.	
7_27148276_27148276_G_T	1	0	0	0	0	0	0	1	.	
7_56007469_56007469_A_T	1	0	0	0	0	0	0	1	.	
8_18079879_18079879_T_A	1	0	0	0	0	0	0	1	.	
8_71068924_71068924_A_G	1	0	0	0	0	0	0	1	.	
10_44139526_44139526_C_T	1	0	0	0	0	0	0	1	.	
11_77961437_77961437_C_T	1	0	0	0	0	0	0	1	.	
11_118347584_118347584_G_C	1	0	0	0	0	0	1	0	.	
11_118398258_118398258_G_C	1	0	0	0	0	0	0	1	.	
11_128680804_128680804_C_T	1	0	0	0	0	0	0	1	.	
12_25801431_25801431_G_A	1	0	0	0	0	0	1	0	.	
12_29630370_29630370_C_T	1	0	0	0	0	0	0	1	.	
12_56492633_56492633_A_G	1	0	0	0	0	0	0	1	ERBB3	
12_58143283_58143283_G_C	1	0	0	0	0	0	0	1	CDK4	
12_77423781_77423781_C_G	1	0	0	0	0	0	0	1	.	
12_85285736_85285736_G_A	1	0	0	0	0	0	0	1	.	
12_100444036_100444036_C_T	1	0	0	0	0	0	0	1	.	
12_107393758_107393758_G_A	1	0	0	0	0	0	0	1	.	
14_24588009_24588009_C_T	1	0	0	0	0	0	0	1	.	
14_65237787_65237787_C_G	1	0	0	0	0	0	1	0	.	
14_102489164_102489164_G_A	1	0	0	0	0	0	1	0	.	
15_90227074_90227074_C_T	1	0	0	0	0	0	0	1	.	
16_1825404_1825404_G_A	1	0	0	0	0	0	1	0	.	
16_29974522_29974522_C_G	1	0	0	0	0	0	1	0	.	
16_29982798_29982798_C_A	1	0	0	0	0	0	0	1	.	
16_68849593_68849593_-_TGGCG	1	0	0	0	0	0	0	1	CDH1	
17_65871007_65871007_G_A	1	0	0	0	0	0	0	1	.	
18_2707601_2707601_G_T	1	0	0	0	0	0	0	1	.	
18_9396331_9396331_G_C	1	0	0	0	0	0	1	0	.	
18_39584334_39584334_C_G	1	0	0	0	0	0	0	1	.	
19_55451249_55451249_G_A	1	0	0	0	0	0	0	1	.	
22_39387559_39387559_G_A	1	0	0	0	0	0	0	1	.	
1_64644512_64644512_G_A	0	1	0	1	0	1	0	0	.	
7_44153255_44153255_G_A	0	1	0	1	1	0	0	0	.	
17_7750177_7750177_T_C	0	1	0	0	0	1	0	0	.	
19_18650410_18650410_T_A	0	1	1	0	0	0	0	0	.	
4_184175150_184175150_G_C	0	0	1	0	0	0	0	1	.	
1_29319902_29319902_G_A	0	0	0	1	1	0	1	0	.	
1_36204136_36204136_G_C	0	0	0	1	0	1	0	1	.	
1_38023250_38023250_C_T	0	0	0	1	0	1	0	0	.	
1_157509066_157509066_C_G	0	0	0	1	0	1	0	0	.	
3_183667836_183667836_C_T	0	0	0	1	0	1	0	0	.	
4_9784977_9784977_C_G	0	0	0	1	0	1	0	0	.	
15_33952614_33952614_G_A	0	0	0	1	0	1	0	0	.	
15_76430106_76430106_G_A	0	0	0	1	0	1	0	1	.	
17_6946672_6946672_G_T	0	0	0	1	1	0	0	0	.	
17_33679965_33679965_G_C	0	0	0	1	0	1	0	1	.	
17_34942607_34942607_G_C	0	0	0	1	0	1	0	0	.	
17_37239767_37239767_C_T	0	0	0	1	0	1	0	1	.	
17_38032995_38032995_C_A	0	0	0	1	0	1	0	0	.	
17_40272255_40272255_G_C	0	0	0	1	0	0	0	1	.	
19_54974744_54974744_G_A	0	0	0	1	1	0	0	0	.	
22_44681426_44681426_G_A	0	0	0	1	1	0	0	0	.	
1_236180568_236180568_C_G	0	0	0	0	1	0	1	0	.	
11_66026210_66026210_G_A	0	0	0	0	1	0	1	0	.	
1_53553737_53553737_C_T	0	0	0	0	0	1	0	1	.	
9_35852947_35852947_C_T	0	0	0	0	0	1	0	1	.	
