mutation_id	M1,M2,M3,M4,P1,P2	P3	M1,M2,M3,M4,P2	P1	M1,M2,M3,M4	P2	M1,M2,M3	M4	M1,M2	M3	M1	M2	driver_gene	
2_29294498_29294498_C_T	0	1	0	0	0	0	0	0	0	1	0	1	.	
2_74643352_74643352_A_C	0	1	0	1	0	1	0	0	0	0	1	0	.	
2_166810197_166810197_T_G	0	1	0	0	0	0	0	1	0	0	0	1	.	
10_104638635_104638635_C_T	0	1	0	0	0	0	0	1	0	0	0	0	.	
11_67206204_67206204_C_G	0	1	0	0	0	1	0	0	0	0	1	0	.	
15_89173353_89173353_T_G	0	1	0	1	0	1	0	0	0	0	1	0	.	
19_17435802_17435802_T_G	0	1	0	1	0	1	0	1	1	0	0	0	.	
20_34827845_34827845_G_T	0	1	0	1	0	1	0	0	0	1	1	0	.	
20_44047500_44047500_A_T	0	1	0	0	1	0	0	0	0	0	0	0	.	
20_60987770_60987770_T_A	0	1	1	0	0	0	0	0	0	0	0	0	.	
6_7229307_7229307_C_-	0	0	0	1	0	1	0	1	0	0	0	0	.	
9_139907265_139907265_C_G	0	0	0	1	0	1	0	0	0	0	0	0	.	
10_129902204_129902205_TG_-	0	0	0	1	0	1	0	0	1	0	0	0	.	
15_74166090_74166090_C_A	0	0	0	1	0	0	0	0	0	0	1	0	.	
19_17000657_17000657_C_A	0	0	0	1	0	1	0	1	0	1	0	1	.	
2_172841218_172841218_G_C	0	0	0	0	0	1	1	0	0	0	0	0	.	
12_119594441_119594441_C_A	0	0	0	0	0	1	1	0	0	0	0	0	.	
13_28494366_28494366_A_G	0	0	0	0	0	1	0	0	0	1	0	1	.	
16_84432157_84432157_C_G	0	0	0	0	0	1	1	0	0	0	0	0	.	
6_56330936_56330936_G_A	0	0	0	0	0	0	0	1	0	1	0	0	.	
17_73870785_73870785_C_G	0	0	0	0	0	0	0	1	0	0	0	1	.	
23_120183051_120183051_A_G	0	0	0	0	0	0	0	1	1	0	0	0	.	
23_129270136_129270136_C_T	0	0	0	0	0	0	0	1	0	0	1	0	.	
2_98834475_98834475_C_A	0	0	0	0	0	0	0	0	0	1	1	0	.	
11_113619101_113619101_T_A	0	0	0	0	0	0	0	0	0	1	0	1	.	
